135624
9108
183924
241407
1706369
33213
33630
526525
7524
1489904
118969
135619
5794
85011
1117
4890
33554
200795
203491
4892
3193
94695
4734
206351
5234
69541
33183
204441
232347
32525
85010
1028384
41944
7399
204455
28009
186802
1521262
2704949
72274
8509
3646
50557
85009
5738
5653
9126
9989
5042
2887326
314145
2037
1489922
1236
8782
72273
135623
2085
6157
204457
2157
1643682
2499411
768507
6231
41705
909929
71193
4762
71239
84998
33341
75739
8783
38820
2864
716545
4209
3176
5658
206389
29
91347
213118
8459
6236
74201
33682
8906
4895
213849
7147
2731360
7952
8826
3398
2732396
1644060
203683
33090
2607030
147554
3313
47570
8342
85007
118964
80840
2692248
4932
1385
58024
72041
135614
3312
85004
91561
7088
1437197
1643688
32003
5338
5878
1489892
766
9443
356
186826
4891
3524
2691354
5819
4952
27896
8457
5782
200644
41938
92860
6447
29000
2045261
33083
33317
33511
7203
1843489
6448
311790
1150
89593
72025
4143
135622
1489911
554915
6073
85006
7776
136
28738
32443
85012
9606
1737405
135613
5820
3699
186628
4751
73496
1
4930
4896
6237
58022
1890424
28211
1118
452284
9263
41768
222544
41945
2726947
4776
3027
33634
6935
33392
4069
4036
2
1853229
4055
33208
1161
5125
8825
68295
5178
8111
5740
2759
451864
38254
8976
9205
135625
10090
10239
451866
2235
131567
35493
41937
1644055
7711
147537
204458
2283794
40674
32524
171549
3744
7742
2836
200666
5654
1760
34395
6656
7041
9397
3502
1970189
213115
33154
6072
3378
85008
